1,1,120.62,333.38,137.67000000000002,60.420000000000016,1,1,1.0
1,2,733.41,265.81,71.54000000000008,40.64999999999998,1,1,1.0
1,3,207.98,249.25,96.25000000000003,42.85000000000002,1,1,0.0
2,1,96.7,334.6,140.2,64.19999999999999,1,1,1.0
2,2,720.0,267.8,74.0,40.69999999999999,1,1,1.0
2,3,207.98,249.25,96.25000000000003,42.85000000000002,1,1,0.0
3,1,72.1,339.0,143.4,65.5,1,1,1.0
3,2,705.8,269.4,75.70000000000005,41.5,1,1,1.0
3,3,207.98,249.25,96.25000000000003,42.85000000000002,1,1,0.0
4,1,46.9,342.1,147.2,66.79999999999995,1,1,1.0
4,2,691.2,269.4,77.5,44.200000000000045,1,1,1.0
4,3,207.98,249.25,96.25000000000003,42.85000000000002,1,1,0.0
5,1,21.7,345.2,148.5,67.5,1,1,1.0
5,2,678.4,269.4,77.5,48.700000000000045,1,1,1.0
5,3,207.98,249.25,96.25000000000003,42.85000000000002,1,1,0.0
6,1,0.0,350.2,147.5,66.30000000000001,1,1,1.0
6,2,664.7,273.3,78.79999999999995,46.0,1,1,1.0
6,3,207.98,249.25,96.25000000000003,42.85000000000002,1,1,0.0
7,1,0.0,352.7,126.1,69.5,1,1,1.0
7,2,649.8,275.7,79.70000000000005,46.60000000000002,1,1,1.0
7,3,207.98,249.25,96.25000000000003,42.85000000000002,1,1,0.0
8,1,0.0,357.1,104.7,70.79999999999995,1,1,1.0
8,2,636.14,277.22,79.70000000000005,46.599999999999966,1,1,1.0
8,3,207.98,249.25,96.25000000000003,42.85000000000002,1,1,0.0
9,1,0.0,362.8,80.8,60.69999999999999,1,1,1.0
9,2,621.0,280.25,83.29999999999995,46.60000000000002,1,1,1.0
9,3,207.98,249.25,96.25000000000003,42.85000000000002,1,1,0.0
10,1,0.0,367.2,52.5,59.400000000000034,1,1,1.0
10,2,604.0,282.7,84.5,44.80000000000001,1,1,1.0
10,3,207.98,249.25,96.25000000000003,42.85000000000002,1,1,0.0
11,1,0.0,367.2,27.9,65.10000000000002,1,1,1.0
11,2,589.7,282.7,86.69999999999993,48.69999999999999,1,1,0.0
11,3,207.98,249.25,96.25000000000003,42.85000000000002,1,1,0.0
12,2,574.5,287.6,87.0,44.099999999999966,1,1,0.0
12,3,207.98,249.25,96.25000000000003,42.85000000000002,1,1,0.0
13,2,558.04,288.1,88.46000000000004,45.5,1,1,0.0
13,3,207.98,249.25,96.25000000000003,42.85000000000002,1,1,1.0
14,2,542.52,291.39,88.46000000000004,45.5,1,1,0.0
14,3,207.98,249.25,96.29999999999998,42.94,1,1,1.0
15,2,526.5,293.27,90.79999999999995,45.53000000000003,1,1,0.0
15,3,207.98,249.25,96.35,43.01999999999998,1,1,1.0
16,2,509.6,296.1,92.19999999999993,46.45999999999998,1,1,0.0
16,3,207.98,249.25,96.41,43.110000000000014,1,1,1.0
17,2,492.67,298.92,92.19999999999999,46.45999999999998,1,1,0.0
17,3,207.98,249.25,96.46000000000001,43.19999999999999,1,1,1.0
18,2,472.4,298.45,97.89999999999998,53.05000000000001,1,1,0.0
18,3,207.98,249.25,96.51000000000002,43.27999999999997,1,1,1.0
19,2,456.4,300.8,99.32000000000005,54.5,1,1,0.0
19,3,207.98,249.25,96.56000000000003,43.370000000000005,1,1,1.0
20,2,441.35,304.09,99.31999999999994,54.5,1,1,0.0
20,3,207.98,249.25,96.60999999999999,43.45999999999998,1,1,1.0
21,2,422.5,306.92,100.79999999999995,54.49000000000001,1,1,1.0
21,3,207.98,249.25,96.66,43.54000000000002,1,1,1.0
22,2,401.8,310.7,106.30000000000001,55.60000000000002,1,1,1.0
22,3,207.98,249.25,96.71000000000001,43.629999999999995,1,1,1.0
23,2,385.48,312.88,106.29999999999995,55.60000000000002,1,1,1.0
23,3,207.98,249.25,96.76000000000002,43.72000000000003,1,1,1.0
24,2,367.52,315.2,106.30000000000001,57.629999999999995,1,1,1.0
24,3,207.98,249.25,96.82000000000002,43.80000000000001,1,1,1.0
25,2,347.9,317.9,110.10000000000002,60.900000000000034,1,1,1.0
25,3,207.98,249.25,96.87000000000003,43.889999999999986,1,1,1.0
26,2,328.3,320.1,111.19999999999999,64.69999999999999,1,1,1.0
26,3,207.98,249.25,96.91999999999999,43.98000000000002,1,1,1.0
27,2,307.6,323.9,115.0,65.20000000000005,1,1,1.0
27,3,207.98,249.25,96.97,44.06,1,1,1.0
28,2,286.38,328.25,117.72000000000003,65.19999999999999,1,1,1.0
28,3,207.98,249.25,97.02000000000001,44.14999999999998,1,1,1.0
29,2,264.52,330.68,120.78000000000003,65.19999999999999,1,1,1.0
29,3,207.98,249.33,97.03,44.109999999999985,1,1,1.0
30,2,244.2,335.8,123.5,64.0,1,1,1.0
30,3,207.98,249.4,97.04999999999998,44.09,1,1,1.0
31,2,222.3,339.4,126.59999999999997,63.400000000000034,1,1,1.0
31,3,207.98,249.47,97.06000000000003,44.059999999999974,1,1,1.0
32,2,195.3,343.04,133.59999999999997,65.25999999999999,1,1,1.0
32,3,207.98,249.54,97.07000000000002,44.03,1,1,1.0
33,2,173.53,346.85,133.6,65.25999999999999,1,1,1.0
33,3,207.98,249.61,97.09,44.00999999999999,1,1,1.0
34,2,149.05,352.29,139.05,68.00999999999999,1,1,1.0
34,3,207.98,249.68,97.1,43.98000000000002,1,1,1.0
35,2,124.66,353.9,142.23999999999998,72.10000000000002,1,1,1.0
35,3,207.98,249.75,97.10999999999999,43.94999999999999,1,1,1.0
36,2,98.65,359.18,146.75,72.09999999999997,1,1,1.0
36,3,207.98,249.83,97.13000000000002,43.91999999999999,1,1,1.0
37,2,73.45,363.66,151.25,72.08999999999997,1,1,1.0
37,3,207.98,249.9,97.14000000000001,43.890000000000015,1,1,1.0
38,2,45.81,367.72,153.69,72.09999999999997,1,1,1.0
38,3,207.98,249.97,97.15,43.859999999999985,1,1,1.0
39,2,14.91,373.4,160.59,76.60000000000002,1,1,1.0
39,3,207.98,250.04,97.16999999999999,43.84,1,1,1.0
40,2,0.0,376.2,153.6,79.90000000000003,1,1,1.0
40,3,207.98,250.11,97.18000000000004,43.81,1,1,1.0
41,2,0.0,380.7,128.0,81.5,1,1,1.0
41,3,207.98,250.18,97.19000000000003,43.77999999999997,1,1,1.0
42,2,0.0,384.4,102.8,83.5,1,1,1.0
42,3,207.98,250.26,97.21000000000001,43.75,1,1,1.0
43,2,0.0,392.9,75.6,73.80000000000001,1,1,1.0
43,3,207.98,250.33,97.22,43.72,1,1,1.0
44,2,0.0,392.9,49.6,72.60000000000002,1,1,1.0
44,3,207.98,250.4,97.22999999999999,43.68999999999997,1,1,1.0
45,2,0.0,409.2,24.4,56.30000000000001,1,1,1.0
45,3,207.98,250.47,97.25000000000003,43.66999999999999,1,1,1.0
46,3,207.98,250.54,97.26000000000002,43.640000000000015,1,1,1.0
47,3,207.98,250.61,97.27000000000001,43.610000000000014,1,1,1.0
48,3,207.98,250.68,97.28999999999999,43.589999999999975,1,1,1.0
49,3,207.98,250.76,97.29999999999998,43.55000000000001,1,1,1.0
50,3,207.98,250.83,97.31000000000003,43.52000000000001,1,1,1.0
51,3,207.98,250.9,97.33000000000001,43.49999999999997,1,1,1.0
51,4,949.83,227.31,10.169999999999959,57.920000000000016,1,1,1.0
52,3,207.98,250.97,97.34,43.47,1,1,1.0
52,4,944.2,227.31,15.799999999999955,57.920000000000016,1,1,1.0
53,3,207.98,251.04,97.35,43.440000000000026,1,1,1.0
53,4,941.1,224.8,18.899999999999977,60.43000000000001,1,1,1.0
54,3,207.98,251.11,97.37000000000003,43.41999999999996,1,1,1.0
54,4,936.7,224.8,23.299999999999955,63.599999999999966,1,1,1.0
55,3,207.98,251.19,97.38000000000002,43.379999999999995,1,1,1.0
55,4,931.0,224.8,29.0,63.599999999999966,1,1,1.0
55,5,935.48,234.78,11.419999999999959,33.73999999999998,1,1,0.0
56,3,207.98,251.26,97.39000000000001,43.35000000000002,1,1,1.0
56,4,926.0,224.8,34.0,63.599999999999966,1,1,1.0
56,5,931.67,235.33,11.420000000000073,33.72999999999999,1,1,0.0
57,3,207.98,251.33,97.41,43.33000000000001,1,1,1.0
57,4,921.6,224.8,38.39999999999998,67.39999999999998,1,1,1.0
57,5,926.77,235.33,11.430000000000064,33.72999999999999,1,1,0.0
58,3,207.98,251.4,97.41999999999999,43.29999999999998,1,1,1.0
58,4,917.2,224.8,42.799999999999955,71.19999999999999,1,1,1.0
58,5,921.33,236.42,11.42999999999995,33.72999999999999,1,1,0.0
59,3,207.98,251.55,97.39000000000001,43.289999999999964,1,1,1.0
59,4,911.5,224.8,48.5,71.19999999999999,1,1,1.0
59,5,915.34,236.96,11.42999999999995,33.73999999999998,1,1,0.0
60,3,207.98,251.7,97.35999999999999,43.28000000000003,1,1,1.0
60,4,906.5,224.8,53.5,71.80000000000001,1,1,1.0
60,5,910.45,236.96,11.419999999999959,33.73999999999998,1,1,0.0
61,3,207.98,251.86,97.33000000000001,43.25999999999999,1,1,1.0
61,4,901.5,224.8,58.5,75.59999999999997,1,1,1.0
61,5,904.46,236.96,11.42999999999995,33.73999999999998,1,1,0.0
62,3,207.98,252.01,97.28999999999999,43.25,1,1,1.0
62,4,896.45,224.8,63.549999999999955,75.59999999999997,1,1,1.0
62,5,900.11,237.5,11.419999999999959,33.74000000000001,1,1,0.0
63,3,207.98,252.16,97.26000000000002,43.23999999999998,1,1,1.0
63,4,891.4,224.8,68.60000000000002,75.59999999999997,1,1,1.0
63,5,893.58,238.59,11.419999999999959,33.73999999999998,1,1,0.0
64,3,207.98,252.31,97.22999999999999,43.23000000000002,1,1,1.0
64,4,883.2,224.8,76.79999999999995,78.89999999999998,1,1,1.0
64,5,887.05,241.86,11.420000000000073,33.74000000000001,1,1,0.0
65,3,207.98,252.46,97.20000000000002,43.22,1,1,1.0
65,4,878.8,224.8,81.20000000000005,79.39999999999998,1,1,1.0
65,5,880.52,242.95,11.420000000000073,33.73000000000002,1,1,0.0
66,3,207.98,252.62,97.16999999999999,43.19999999999999,1,1,1.0
66,4,873.4,224.8,86.60000000000002,81.59999999999997,1,1,1.0
66,5,875.08,244.03,11.419999999999959,33.73999999999998,1,1,0.0
67,3,207.98,252.77,97.14000000000001,43.18999999999997,1,1,1.0
67,4,865.8,224.8,94.20000000000005,82.69999999999999,1,1,1.0
67,5,867.46,245.12,11.419999999999959,33.74000000000001,1,1,0.0
68,3,207.98,252.92,97.1,43.180000000000035,1,1,1.0
68,4,860.2,226.7,99.79999999999995,83.19999999999999,1,1,0.0
68,5,862.02,245.12,14.180000000000064,35.379999999999995,1,1,0.0
69,3,208.03,253.07,96.97,43.139999999999986,1,1,1.0
69,4,853.1,227.2,106.89999999999998,83.19999999999999,1,1,0.0
69,5,853.85,245.67,14.18999999999994,35.37000000000003,1,1,0.0
70,3,208.08,253.22,96.83000000000001,43.099999999999994,1,1,1.0
70,4,846.5,227.2,113.5,85.60000000000002,1,1,0.0
70,5,847.87,247.3,14.17999999999995,35.379999999999995,1,1,0.0
71,3,208.13,253.36,96.69,43.06999999999999,1,1,1.0
71,4,839.9,227.2,120.10000000000002,86.0,1,1,0.0
71,5,840.79,247.84,14.190000000000055,35.380000000000024,1,1,0.0
72,3,208.19,253.51,96.54000000000002,43.03000000000003,1,1,1.0
72,4,832.8,227.2,127.20000000000005,87.40000000000003,1,1,0.0
72,5,833.18,249.47,14.180000000000064,35.380000000000024,1,1,0.0
73,3,208.24,253.66,96.39999999999998,42.98999999999998,1,1,1.0
73,4,825.3,227.2,134.70000000000005,90.19999999999999,1,1,0.0
73,5,826.65,251.11,14.180000000000064,35.370000000000005,1,1,0.0
74,3,208.29,253.81,96.26000000000002,42.94999999999999,1,1,1.0
74,4,815.7,229.1,144.29999999999995,89.70000000000002,1,1,0.0
74,5,813.0,252.19,21.299999999999955,35.379999999999995,1,1,0.0
75,3,208.34,253.96,96.13000000000002,42.91,1,1,1.0
75,4,812.6,230.04,147.39999999999998,90.66,1,1,0.0
75,5,804.84,252.19,21.299999999999955,35.379999999999995,1,1,0.0
76,3,208.4,254.1,95.97999999999999,42.880000000000024,1,1,1.0
76,4,797.6,231.7,162.39999999999998,91.40000000000003,1,1,0.0
76,5,796.68,254.37,21.300000000000068,35.379999999999995,1,1,0.0
77,3,208.45,254.25,95.84000000000003,42.839999999999975,1,1,1.0
77,4,793.9,232.51,166.10000000000002,91.40000000000003,1,1,0.0
77,5,790.15,254.37,21.300000000000068,35.379999999999995,1,1,0.0
78,3,208.5,254.4,95.69999999999999,42.79999999999998,1,1,1.0
78,4,783.7,232.51,176.29999999999995,93.79000000000002,1,1,0.0
78,5,781.44,250.6,29.959999999999923,40.79999999999998,1,1,0.0
79,3,208.47,254.26,95.72999999999999,42.80000000000001,1,1,1.0
79,4,778.8,234.1,175.92000000000007,93.79999999999998,1,1,0.0
79,5,771.1,251.69,29.959999999999923,40.80000000000001,1,1,0.0
79,6,943.73,236.32,16.269999999999982,31.04000000000002,1,1,0.0
80,3,208.44,254.11,95.75999999999999,42.80000000000001,1,1,1.0
80,4,770.0,235.0,179.10000000000002,96.0,1,1,0.0
80,5,761.85,253.86,29.959999999999923,40.80000000000001,1,1,0.0
80,6,938.6,235.4,20.92999999999995,32.42999999999998,1,1,0.0
81,3,208.41,253.96,95.79999999999998,42.809999999999974,1,1,1.0
81,4,761.5,235.0,180.5,97.39999999999998,1,1,0.0
81,5,749.88,256.58,34.82000000000005,35.31999999999999,1,1,0.0
81,6,931.07,237.28,20.92999999999995,32.42999999999998,1,1,0.0
82,3,208.38,253.82,95.82999999999998,42.81,1,1,1.0
82,4,753.0,235.0,184.79999999999995,98.80000000000001,1,1,0.0
82,5,740.09,257.7,39.20999999999992,36.920000000000016,1,1,0.0
82,6,925.9,239.16,20.930000000000064,32.42999999999998,1,1,0.0
83,3,208.35,253.67,95.85999999999999,42.82000000000002,1,1,1.0
83,4,744.5,238.3,187.20000000000005,98.80000000000001,1,1,0.0
83,5,729.75,257.7,41.35000000000002,38.55000000000001,1,1,0.0
83,6,919.32,240.57,20.92999999999995,32.43000000000001,1,1,0.0
84,3,208.32,253.53,95.88999999999999,42.809999999999974,1,1,1.0
84,4,734.2,237.8,190.39999999999998,100.69999999999999,1,1,0.0
84,5,718.86,258.2,42.93999999999994,40.23000000000002,1,1,0.0
84,6,914.61,240.1,20.92999999999995,32.42999999999998,1,1,0.0
85,3,208.29,253.38,95.91999999999999,42.81999999999999,1,1,1.0
85,4,724.8,239.2,193.70000000000005,101.69999999999999,1,1,0.0
85,5,707.98,258.2,45.120000000000005,39.69999999999999,1,1,0.0
85,6,908.97,239.63,20.92999999999995,32.43000000000001,1,1,0.0
86,3,208.26,253.24,95.96000000000004,42.81999999999999,1,1,1.0
86,4,716.3,239.7,197.70000000000005,103.10000000000002,1,1,0.0
86,5,697.12,259.29,45.10000000000002,39.69999999999999,1,1,0.0
86,6,876.0,237.7,46.379999999999995,34.360000000000014,1,1,0.0
87,3,208.22,253.09,96.00000000000003,42.83000000000001,1,1,1.0
87,4,705.0,240.5,203.29999999999995,105.10000000000002,1,1,0.0
87,5,686.78,260.38,45.10000000000002,39.69999999999999,1,1,0.0
87,6,870.4,237.7,45.389999999999986,34.829999999999984,1,1,0.0
88,3,208.19,252.95,96.03000000000003,42.81999999999999,1,1,1.0
88,4,704.92,241.41,202.5,106.4,1,1,0.0
88,5,675.35,260.92,45.10000000000002,39.69999999999999,1,1,0.0
88,6,863.35,238.64,45.389999999999986,34.83000000000004,1,1,0.0
89,3,208.16,252.42,96.06000000000003,42.83000000000001,1,1,1.0
89,4,688.0,244.1,206.10000000000002,106.00000000000003,1,1,0.0
89,5,663.38,262.55,45.10000000000002,39.69999999999999,1,1,0.0
89,6,853.9,241.0,51.08000000000004,34.829999999999984,1,1,0.0
90,3,208.13,251.89,96.09000000000003,42.83000000000004,1,1,1.0
90,4,676.3,243.7,210.5,109.69999999999999,1,1,0.0
90,5,650.87,260.9,50.52999999999997,41.35000000000002,1,1,0.0
90,6,847.79,241.0,51.07000000000005,34.829999999999984,1,1,0.0
91,3,208.1,251.36,96.13000000000002,42.839999999999975,1,1,1.0
91,4,664.9,243.7,215.0,111.69999999999999,1,1,0.0
91,5,638.89,261.4,59.81000000000006,39.200000000000045,1,1,0.0
91,6,842.14,242.88,51.08000000000004,34.829999999999984,1,1,0.0
92,3,208.07,250.84,96.16000000000003,42.83000000000001,1,1,1.0
92,4,653.9,245.7,219.89999999999998,113.40000000000003,1,1,0.0
92,5,625.29,262.5,64.11000000000001,39.19,1,1,0.0
92,6,832.74,242.88,51.069999999999936,37.620000000000005,1,1,0.0
93,3,208.04,250.31,96.19000000000003,42.839999999999975,1,1,1.0
93,4,642.9,246.5,223.60000000000002,114.60000000000002,1,1,0.0
93,5,613.32,261.4,74.9799999999999,40.29000000000002,1,1,0.0
93,6,827.09,242.88,51.07999999999993,37.620000000000005,1,1,0.0
94,3,208.01,249.78,96.22000000000003,42.84,1,1,1.0
94,4,630.8,246.5,226.8900000000001,118.69999999999999,1,1,0.0
94,5,601.89,261.4,74.98000000000002,40.29000000000002,1,1,0.0
94,6,812.0,242.4,54.879999999999995,38.099999999999994,1,1,0.0
95,3,207.98,249.25,96.25000000000003,42.85000000000002,1,1,0.0
95,4,620.6,247.7,231.79999999999995,120.80000000000001,1,1,0.0
95,5,588.29,265.2,76.61000000000001,40.30000000000001,1,1,0.0
95,6,804.95,243.34,54.879999999999995,38.099999999999994,1,1,0.0
96,3,207.8,250.3,96.25999999999999,42.849999999999966,1,1,0.0
96,4,608.0,247.7,237.0,123.60000000000002,1,1,0.0
96,5,574.69,264.1,86.40999999999997,41.39999999999998,1,1,0.0
96,6,798.8,244.8,55.85000000000002,37.110000000000014,1,1,0.0
97,3,207.63,251.35,96.25,42.849999999999994,1,1,0.0
97,4,596.1,251.2,240.5,123.30000000000001,1,1,0.0
97,5,562.71,264.6,90.78999999999996,41.44,1,1,0.0
97,6,786.1,243.4,63.39999999999998,38.51000000000002,1,1,0.0
98,3,207.45,252.4,96.25999999999999,42.849999999999994,1,1,0.0
98,4,583.5,250.79,244.97000000000003,125.71000000000001,1,1,0.0
98,5,550.74,265.69,90.78999999999996,41.44,1,1,0.0
98,6,773.87,243.87,63.39999999999998,38.50999999999999,1,1,0.0
99,3,207.46,252.39,96.02000000000001,42.85000000000002,1,1,0.0
99,4,572.5,252.83,249.10000000000002,125.69999999999996,1,1,0.0
99,5,538.23,266.78,90.77999999999997,41.440000000000055,1,1,0.0
99,6,762.58,247.2,63.40999999999997,36.120000000000005,1,1,0.0
100,3,207.47,252.37,95.78,42.860000000000014,1,1,0.0
100,4,559.09,254.45,255.20999999999992,127.35000000000002,1,1,0.0
100,5,522.45,269.0,96.25,41.389999999999986,1,1,0.0
100,6,754.59,247.2,63.39999999999998,36.120000000000005,1,1,0.0
101,3,207.48,252.36,95.53999999999999,42.849999999999966,1,1,0.0
101,4,545.67,257.7,259.73,127.35000000000002,1,1,0.0
101,5,509.39,268.46,96.25,41.39000000000004,1,1,0.0
101,6,740.77,248.42,63.39999999999998,36.12000000000003,1,1,0.0
102,3,207.5,252.34,95.29000000000002,42.859999999999985,1,1,0.0
102,4,533.07,253.2,264.2299999999999,134.7,1,1,0.0
102,5,494.7,268.5,101.09999999999997,41.35000000000002,1,1,0.0
102,6,729.0,248.01,68.25999999999999,36.129999999999995,1,1,0.0
103,3,207.51,252.33,95.05000000000001,42.859999999999985,1,1,0.0
103,4,519.25,258.08,268.75,132.62,1,1,0.0
103,7,951.17,229.36,8.830000000000041,37.620000000000005,1,1,1.0
103,5,481.64,269.04,101.10000000000002,41.349999999999966,1,1,0.0
103,6,719.65,249.64,68.25999999999999,36.120000000000005,1,1,0.0
104,3,207.52,252.31,94.80999999999997,42.870000000000005,1,1,0.0
104,4,504.62,259.3,274.08000000000004,132.62,1,1,0.0
104,7,947.9,229.36,12.100000000000023,37.620000000000005,1,1,1.0
104,5,470.21,268.0,103.79000000000002,41.85000000000002,1,1,0.0
104,6,707.5,249.64,70.25,36.120000000000005,1,1,0.0
105,3,207.53,252.3,94.57000000000002,42.870000000000005,1,1,0.0
105,4,494.4,261.82,275.5,134.68,1,1,0.0
105,7,945.1,224.2,14.899999999999977,42.78000000000003,1,1,1.0
105,5,454.97,269.6,98.73000000000002,41.879999999999995,1,1,0.0
105,6,692.8,250.45,73.57000000000005,21.75,1,1,0.0
106,3,207.54,252.29,94.26000000000002,42.91,1,1,0.0
106,4,476.8,265.07,283.8,134.73000000000002,1,1,0.0
106,7,938.5,212.4,21.5,54.59,1,1,1.0
106,5,439.19,269.63,93.70999999999998,40.170000000000016,1,1,0.0
106,6,679.5,251.26,76.29999999999995,25.139999999999986,1,1,0.0
107,3,207.55,252.29,92.75,42.01000000000002,1,1,0.0
107,4,462.6,264.25,289.1,141.95,1,1,0.0
107,7,936.6,212.4,23.399999999999977,55.49999999999997,1,1,1.0
107,5,427.22,270.18,100.38,41.01999999999998,1,1,0.0
107,6,671.4,251.26,74.64999999999998,22.639999999999986,1,1,0.0
108,3,207.56,252.29,96.25999999999999,42.84,1,1,0.0
108,4,443.4,266.7,299.0,142.3,1,1,0.0
108,7,931.2,212.4,28.799999999999955,55.49999999999997,1,1,1.0
108,5,412.53,270.72,107.57000000000005,41.849999999999966,1,1,0.0
108,6,653.5,251.67,82.78999999999996,36.12000000000003,1,1,0.0
109,3,207.57,252.51,95.62,42.650000000000034,1,1,0.0
109,4,425.9,269.1,308.0,145.59999999999997,1,1,0.0
109,7,926.65,212.4,33.35000000000002,56.29999999999998,1,1,1.0
109,5,400.56,272.9,107.57,41.85000000000002,1,1,0.0
109,6,641.71,253.3,82.78999999999996,34.49000000000001,1,1,0.0
110,3,207.58,252.74,94.97999999999999,42.44999999999999,1,1,0.0
110,4,410.05,269.9,311.65000000000003,149.68,1,1,0.0
110,7,922.1,212.4,37.89999999999998,57.099999999999994,1,1,1.0
110,5,383.69,272.9,110.81,41.85000000000002,1,1,0.0
110,6,620.2,254.11,90.07999999999993,34.5,1,1,0.0
111,3,207.59,252.97,94.34,42.23999999999998,1,1,0.0
111,4,392.2,271.5,320.59999999999997,151.7,1,1,0.0
111,7,918.2,212.4,41.799999999999955,57.099999999999994,1,1,1.0
111,5,370.63,273.99,110.81,41.849999999999966,1,1,0.0
111,6,606.8,254.52,95.75,34.48999999999998,1,1,0.0
112,3,207.6,253.2,93.70000000000002,42.04000000000002,1,1,0.0
112,4,386.1,273.1,316.9,156.2,1,1,0.0
112,7,918.3,214.9,41.700000000000045,54.599999999999994,1,1,1.0
112,5,355.94,275.08,110.81,41.85000000000002,1,1,0.0
112,6,595.0,256.15,95.76999999999998,26.05000000000001,1,1,0.0
113,3,207.61,253.09,94.13,42.17999999999998,1,1,0.0
113,4,357.65,274.3,333.95000000000005,160.69,1,1,0.0
113,7,910.1,212.4,49.89999999999998,58.099999999999994,1,1,1.0
113,5,341.25,276.71,110.81,41.85000000000002,1,1,0.0
113,6,577.5,257.37,100.25999999999999,34.49000000000001,1,1,0.0
114,3,207.62,252.99,94.55000000000001,42.30000000000001,1,1,0.0
114,4,346.5,277.6,334.1,162.26999999999998,1,1,0.0
114,7,904.9,212.4,55.10000000000002,59.400000000000006,1,1,1.0
114,5,326.6,278.34,114.57,41.85000000000002,1,1,0.0
114,6,564.5,256.15,101.07000000000005,34.49000000000001,1,1,0.0
115,3,207.63,252.88,94.98000000000002,42.44,1,1,0.0
115,4,319.4,277.6,352.0,165.5,1,1,0.0
115,7,898.9,213.5,61.10000000000002,60.39999999999998,1,1,1.0
115,5,311.91,278.34,114.57,41.85000000000002,1,1,0.0
115,6,551.09,257.37,101.05999999999995,34.49000000000001,1,1,0.0
116,3,207.64,252.77,95.41000000000003,42.58000000000001,1,1,0.0
116,4,299.8,279.8,360.2,167.09999999999997,1,1,0.0
116,7,894.4,213.5,65.60000000000002,61.19999999999999,1,1,1.0
116,5,297.22,280.52,114.57,41.85000000000002,1,1,0.0
116,6,538.08,257.77,101.05999999999995,34.5,1,1,0.0
117,3,207.66,252.66,95.83000000000001,42.72,1,1,0.0
117,4,278.58,282.5,370.02000000000004,172.01999999999998,1,1,0.0
117,7,890.7,214.5,69.29999999999995,60.19999999999999,1,1,1.0
117,5,280.35,280.52,114.57,41.85000000000002,1,1,0.0
117,6,522.2,258.99,104.75,34.5,1,1,0.0
118,3,207.67,252.56,96.25000000000003,42.839999999999975,1,1,0.0
118,4,258.99,284.1,377.11,176.39999999999998,1,1,0.0
118,7,883.6,215.5,76.39999999999998,60.0,1,1,1.0
118,5,265.11,281.61,114.57999999999998,41.849999999999966,1,1,0.0
118,6,506.8,261.43,109.57999999999998,34.49000000000001,1,1,0.0
119,3,207.68,252.6,96.25,42.849999999999994,1,1,0.0
119,4,240.45,286.8,384.15000000000003,177.0,1,1,0.0
119,7,878.4,215.5,81.60000000000002,60.30000000000001,1,1,1.0
119,5,249.88,283.24,116.78000000000003,41.849999999999966,1,1,0.0
119,6,492.57,261.43,109.58999999999997,34.49000000000001,1,1,0.0
120,3,207.69,252.64,96.25,42.85000000000002,1,1,0.0
120,4,217.0,288.1,393.70000000000005,176.95999999999998,1,1,0.0
120,7,871.0,215.5,89.0,61.89999999999998,1,1,1.0
120,5,233.55,283.2,119.55000000000001,44.06999999999999,1,1,0.0
120,6,477.13,262.24,109.58000000000004,34.5,1,1,0.0
121,3,207.7,252.69,96.25,42.839999999999975,1,1,0.0
121,4,195.23,290.8,404.56999999999994,187.86,1,1,0.0
121,7,867.33,215.5,84.76999999999998,61.89999999999998,1,1,1.0
121,5,218.32,282.66,119.54000000000002,44.06,1,1,0.0
121,6,459.6,264.28,112.48000000000002,38.120000000000005,1,1,0.0
122,3,207.71,252.73,96.26000000000002,42.849999999999994,1,1,0.0
122,4,170.2,292.4,416.00000000000006,192.79000000000002,1,1,0.0
122,7,862.76,216.91,84.76999999999998,61.900000000000006,1,1,1.0
122,5,198.2,284.29,123.88,47.90999999999997,1,1,0.0
122,6,447.8,263.46,113.70999999999998,40.94,1,1,0.0
123,3,207.72,252.78,96.26000000000002,42.84,1,1,0.0
123,4,145.44,295.3,428.35999999999996,197.18,1,1,0.0
123,7,855.73,217.61,86.56999999999994,61.89999999999998,1,1,1.0
123,5,184.6,284.29,123.88000000000002,47.90999999999997,1,1,0.0
123,6,433.6,263.87,111.24000000000001,40.94,1,1,0.0
124,3,207.73,252.82,96.26000000000002,42.85000000000002,1,1,0.0
124,4,119.94,296.76,440.76000000000005,202.94,1,1,0.0
124,7,849.41,217.96,87.29000000000008,61.900000000000006,1,1,1.0
124,5,168.27,285.38,123.89000000000001,47.910000000000025,1,1,0.0
124,6,419.78,264.68,111.24000000000001,40.94,1,1,0.0
125,3,207.74,252.86,96.25999999999999,42.849999999999966,1,1,0.0
125,4,90.8,299.7,457.49999999999994,206.56,1,1,0.0
125,7,845.9,217.96,87.29000000000008,61.900000000000006,1,1,1.0
125,5,150.86,287.55,123.88,47.920000000000016,1,1,0.0
125,6,403.9,265.9,114.93000000000006,45.400000000000034,1,1,0.0
126,3,207.75,252.91,96.25999999999999,42.84,1,1,0.0
126,4,65.31,302.6,467.69,210.20999999999992,1,1,0.0
126,7,839.92,217.96,87.29000000000008,61.900000000000006,1,1,1.0
126,5,133.45,290.27,123.88,47.920000000000016,1,1,0.0
126,6,390.1,266.31,118.57,45.39999999999998,1,1,0.0
127,3,207.76,252.95,96.25999999999999,42.85000000000002,1,1,0.0
127,4,36.17,306.2,482.22999999999996,213.2,1,1,0.0
127,7,833.6,218.66,90.10000000000002,62.640000000000015,1,1,1.0
127,5,114.95,291.36,128.25,47.90999999999997,1,1,0.0
127,6,377.5,267.93,118.57,45.39999999999998,1,1,0.0
128,3,207.77,252.99,96.25999999999996,42.849999999999966,1,1,0.0
128,4,5.6,309.1,496.0,221.19999999999993,1,1,0.0
128,7,827.63,218.66,90.10000000000002,62.640000000000015,1,1,1.0
128,5,96.99,291.36,128.25,47.90999999999997,1,1,0.0
128,6,360.0,268.34,121.43,45.400000000000034,1,1,0.0
129,3,207.81,253.19,96.25999999999999,42.35000000000002,1,1,0.0
129,4,0.0,309.1,487.9,229.0,1,1,0.0
129,7,821.66,218.66,90.09000000000003,64.03999999999999,1,1,1.0
129,5,75.8,292.99,133.12,50.110000000000014,1,1,0.0
129,6,345.0,268.34,124.24000000000001,48.660000000000025,1,1,0.0
130,3,207.85,253.39,96.25000000000003,41.85000000000002,1,1,0.0
130,4,0.0,314.1,473.4,225.89999999999998,1,1,0.0
130,7,815.33,219.4,90.76999999999998,65.1,1,1,1.0
130,5,57.3,293.54,133.12,50.099999999999966,1,1,0.0
130,6,328.74,269.15,124.24000000000001,48.660000000000025,1,1,0.0
131,3,207.88,253.6,96.25999999999999,41.33000000000001,1,1,0.0
131,4,0.0,314.1,456.4,225.89999999999998,1,1,1.0
131,7,808.3,219.4,92.90000000000009,65.45000000000002,1,1,1.0
131,5,39.89,296.26,133.12,50.110000000000014,1,1,0.0
131,6,314.11,270.41,124.24000000000001,50.25,1,1,0.0
132,3,207.92,253.8,96.26000000000002,40.829999999999984,1,1,0.0
132,4,0.0,314.1,441.9,225.89999999999998,1,1,1.0
132,7,803.39,219.75,92.88999999999999,65.44999999999999,1,1,1.0
132,5,18.1,299.52,138.04,50.110000000000014,1,1,0.0
132,6,299.5,270.41,126.25,53.48999999999995,1,1,0.0
133,3,207.96,254.0,96.24999999999997,40.329999999999984,1,1,0.0
133,8,673.66,533.96,72.35000000000002,6.039999999999964,1,1,1.0
133,4,0.0,321.7,426.2,218.3,1,1,1.0
133,7,794.96,220.1,95.33999999999992,65.45000000000002,1,1,1.0
133,5,0.14,302.79,138.04000000000002,50.099999999999966,1,1,0.0
133,6,284.46,271.22,126.25,53.48999999999995,1,1,0.0
134,3,208.0,254.2,96.25,39.829999999999984,1,1,0.0
134,8,673.66,528.7,93.44000000000005,11.299999999999955,1,1,1.0
134,4,0.0,324.8,406.1,215.2,1,1,1.0
134,7,787.2,220.1,96.77999999999997,67.20000000000002,1,1,1.0
134,5,0.14,300.1,120.06,53.299999999999955,1,1,0.0
134,6,266.98,271.22,126.25,53.48999999999995,1,1,0.0
135,3,208.03,254.4,96.26000000000002,39.33000000000001,1,1,0.0
135,8,690.3,521.4,102.40000000000009,18.600000000000023,1,1,1.0
135,4,0.0,327.3,391.0,212.7,1,1,1.0
135,7,779.82,220.1,97.88,67.20000000000002,1,1,1.0
135,5,0.14,300.1,101.56,55.5,1,1,0.0
135,6,251.94,271.63,126.25,53.49000000000001,1,1,0.0
136,3,208.07,254.6,96.25999999999999,38.83000000000001,1,1,0.0
136,8,696.4,514.9,114.20000000000005,25.100000000000023,1,1,1.0
136,4,0.0,331.7,372.7,208.3,1,1,1.0
136,7,774.55,220.1,97.88,67.20000000000002,1,1,1.0
136,5,0.14,300.1,84.16,56.0,1,1,0.0
136,6,234.9,276.1,128.66,50.599999999999966,1,1,0.0
137,3,208.11,254.8,96.25,38.31999999999999,1,1,0.0
137,8,704.9,508.0,125.20000000000005,32.0,1,1,1.0
137,4,0.0,334.2,352.6,205.8,1,1,1.0
137,7,767.17,220.5,99.33000000000004,67.85000000000002,1,1,1.0
137,5,0.14,300.1,66.16,56.0,1,1,0.0
137,6,219.46,277.34,128.65,52.610000000000014,1,1,0.0
138,3,208.14,255.0,96.25999999999999,37.81999999999999,1,1,0.0
138,8,711.81,503.5,132.49,36.09000000000003,1,1,1.0
138,4,0.0,337.3,333.7,202.7,1,1,1.0
138,7,758.74,220.5,102.15999999999997,68.56,1,1,1.0
138,5,0.14,304.5,47.06,53.80000000000001,1,1,0.0
138,6,199.94,277.7,128.66000000000003,54.69,1,1,0.0
139,3,208.12,254.36,96.25999999999999,38.379999999999995,1,1,0.0
139,8,718.31,497.0,136.19000000000005,43.0,1,1,1.0
139,4,0.0,341.7,316.1,198.3,1,1,1.0
139,7,750.66,221.2,104.24000000000001,68.91000000000003,1,1,1.0
139,5,0.14,310.5,30.16,47.80000000000001,1,1,0.0
139,6,186.1,278.11,136.41,54.69,1,1,0.0
140,3,208.11,253.72,96.25,38.940000000000026,1,1,0.0
140,8,725.22,491.3,137.77999999999997,48.69999999999999,1,1,1.0
140,4,0.0,344.8,296.0,195.2,1,1,1.0
140,7,743.99,221.9,104.24000000000001,68.91,1,1,1.0
140,5,0.14,313.2,10.059999999999999,45.10000000000002,1,1,0.0
140,6,166.59,278.11,136.4,54.69,1,1,0.0
141,3,208.09,253.08,96.24999999999997,39.49999999999997,1,1,0.0
141,8,734.98,486.0,136.12,54.0,1,1,1.0
141,4,0.0,349.8,274.0,190.2,1,1,1.0
141,7,735.91,224.01,104.24000000000001,68.91000000000003,1,1,1.0
141,6,150.33,281.8,136.41,56.27999999999997,1,1,0.0
142,3,208.07,252.45,96.25999999999999,40.05000000000001,1,1,0.0
142,8,745.14,480.7,132.86,59.30000000000001,1,1,1.0
142,4,0.0,352.3,250.1,187.7,1,1,1.0
142,7,728.53,224.0,105.26999999999998,68.92000000000002,1,1,1.0
142,6,133.7,281.39,139.22000000000003,58.31,1,1,0.0
143,3,208.05,251.81,96.25999999999999,40.610000000000014,1,1,0.0
143,8,753.27,475.4,133.63,64.19000000000005,1,1,1.0
143,4,0.0,354.8,228.7,185.2,1,1,1.0
143,7,719.75,224.7,107.75,70.30000000000001,1,1,1.0
143,6,117.0,281.39,139.66000000000003,59.910000000000025,1,1,0.0
144,3,208.03,251.17,96.26000000000002,41.16999999999999,1,1,0.0
144,8,764.65,470.9,130.35000000000002,68.69000000000005,1,1,1.0
144,4,0.0,360.5,204.1,179.5,1,1,1.0
144,7,712.02,225.4,107.75,70.29999999999998,1,1,1.0
144,6,97.5,283.43,143.3,61.56999999999999,1,1,0.0
145,3,208.01,250.53,96.25999999999999,41.72999999999999,1,1,0.0
145,8,774.81,466.4,130.3900000000001,73.60000000000002,1,1,1.0
145,4,0.0,364.9,180.8,175.10000000000002,1,1,1.0
145,7,704.6,225.4,111.65999999999997,70.29999999999998,1,1,1.0
145,6,81.65,283.43,143.29999999999998,61.56999999999999,1,1,0.0
146,3,208.0,249.89,96.25,42.29000000000002,1,1,0.0
146,8,784.56,459.9,127.54000000000008,79.69000000000005,1,1,1.0
146,4,0.0,369.3,158.8,170.7,1,1,1.0
146,7,695.11,226.46,111.65999999999997,70.29999999999998,1,1,1.0
146,6,62.6,284.52,143.31,61.56999999999999,1,1,1.0
147,3,207.98,249.25,96.25000000000003,42.85000000000002,1,1,1.0
147,8,793.9,455.8,125.11000000000001,83.79000000000002,1,1,1.0
147,4,0.0,375.0,130.5,165.0,1,1,1.0
147,7,686.68,227.16,111.66000000000008,70.29999999999998,1,1,1.0
147,6,44.1,285.06,145.48000000000002,61.56999999999999,1,1,1.0
148,3,207.98,253.98,96.25000000000003,42.84,1,1,1.0
148,8,802.0,450.5,123.50999999999999,89.5,1,1,1.0
148,4,0.0,380.7,105.3,159.3,1,1,1.0
148,7,679.31,226.81,111.65000000000009,70.30000000000001,1,1,1.0
148,6,26.14,286.69,145.49,61.579999999999984,1,1,1.0
149,3,207.98,254.19,96.25000000000003,42.839999999999975,1,1,1.0
149,8,812.6,446.0,119.41999999999996,88.29999999999995,1,1,1.0
149,4,0.0,386.4,81.4,153.60000000000002,1,1,1.0
149,7,673.68,227.86,111.66000000000008,70.30000000000001,1,1,1.0
149,6,8.19,287.78,145.48,61.57000000000005,1,1,1.0
150,3,207.98,254.4,96.25000000000003,42.84,1,1,1.0
150,8,821.5,441.93,117.01999999999998,85.86999999999995,1,1,1.0
150,4,0.0,394.0,49.3,146.0,1,1,1.0
150,7,665.96,227.86,111.64999999999998,70.30000000000001,1,1,1.0
150,6,0.0,289.7,137.7,64.40000000000003,1,1,1.0
151,3,207.98,254.61,96.25000000000003,42.839999999999975,1,1,1.0
151,8,829.22,439.5,113.77999999999997,85.04999999999995,1,1,1.0
151,7,655.77,228.6,111.65999999999997,70.97,1,1,1.0
151,6,0.0,289.7,120.8,65.80000000000001,1,1,1.0
152,3,207.98,254.82,96.25000000000003,42.84000000000003,1,1,1.0
152,8,837.35,433.4,113.77999999999997,85.05000000000007,1,1,1.0
152,7,642.07,228.95,120.42999999999995,70.97000000000003,1,1,1.0
152,6,0.0,292.1,104.8,66.19999999999999,1,1,1.0
153,3,207.98,255.03,96.25000000000003,42.84,1,1,1.0
153,8,841.82,429.74,113.77999999999997,85.04999999999995,1,1,1.0
153,7,631.53,227.9,121.17000000000007,73.07000000000002,1,1,1.0
153,6,0.0,292.1,87.4,64.79999999999995,1,1,1.0
154,3,207.98,255.24,96.25000000000003,42.839999999999975,1,1,1.0
154,8,846.7,424.46,113.29999999999995,85.05000000000001,1,1,1.0
154,7,626.61,229.31,118.38999999999999,72.69,1,1,1.0
154,6,0.0,295.4,69.5,61.5,1,1,1.0
155,3,207.98,255.45,96.25000000000003,42.84000000000003,1,1,1.0
155,8,856.9,422.8,103.10000000000002,76.5,1,1,1.0
155,7,613.26,229.3,124.03999999999996,73.05000000000001,1,1,1.0
155,6,0.0,295.4,52.1,62.900000000000034,1,1,1.0
156,3,207.98,255.66,96.25000000000003,42.84,1,1,1.0
156,8,866.7,419.1,93.29999999999995,76.5,1,1,1.0
156,7,603.07,230.4,124.7299999999999,73.01000000000002,1,1,1.0
156,6,0.0,297.3,30.4,60.5,1,1,1.0
157,3,207.98,255.87,96.25000000000003,42.839999999999975,1,1,1.0
157,8,874.9,415.8,85.10000000000002,75.30000000000001,1,1,1.0
157,7,595.69,231.1,124.7299999999999,73.01000000000002,1,1,1.0
157,6,0.0,297.3,15.8,62.39999999999998,1,1,1.0
158,3,207.98,256.08,96.25000000000003,42.84000000000003,1,1,1.0
158,8,883.0,411.3,77.0,71.30000000000001,1,1,1.0
158,7,587.23,231.1,124.73000000000002,73.01000000000002,1,1,1.0
159,3,207.9,256.08,96.24999999999997,42.84000000000003,1,1,1.0
159,8,887.9,408.5,72.10000000000002,71.30000000000001,1,1,1.0
159,7,577.82,232.04,124.7299999999999,73.01000000000002,1,1,1.0
160,3,207.82,256.08,96.25999999999999,42.84000000000003,1,1,1.0
160,8,894.8,405.2,65.20000000000005,67.69999999999999,1,1,1.0
160,7,564.19,232.5,129.90999999999997,76.31,1,1,1.0
161,3,207.74,256.08,96.25999999999999,42.84000000000003,1,1,1.0
161,8,901.7,401.1,58.299999999999955,66.89999999999998,1,1,1.0
161,7,555.24,230.87,129.91999999999996,76.32,1,1,1.0
162,3,207.66,256.08,96.26000000000002,42.84000000000003,1,1,1.0
162,8,908.6,398.3,51.39999999999998,65.59999999999997,1,1,1.0
162,7,543.86,232.09,129.91999999999996,76.32000000000002,1,1,0.0
163,3,207.58,256.08,96.25999999999996,42.84000000000003,1,1,1.0
163,8,913.1,395.9,46.89999999999998,66.40000000000003,1,1,1.0
163,7,534.51,232.91,129.91999999999996,76.31000000000003,1,1,0.0
164,3,207.5,256.08,96.25999999999999,42.84000000000003,1,1,1.0
164,8,918.8,393.5,41.200000000000045,63.10000000000002,1,1,1.0
164,7,524.76,232.91,129.90999999999997,76.31000000000003,1,1,0.0
165,3,207.43,256.08,96.25,42.84000000000003,1,1,1.0
165,8,923.7,389.8,36.299999999999955,62.30000000000001,1,1,1.0
165,7,514.19,234.53,129.90999999999997,76.30999999999997,1,1,0.0
166,3,207.35,256.08,96.25000000000003,42.84000000000003,1,1,1.0
166,8,929.0,387.8,31.0,62.69999999999999,1,1,1.0
166,7,502.8,234.53,131.09999999999997,76.30999999999997,1,1,0.0
167,3,207.27,256.08,96.24999999999997,42.84000000000003,1,1,1.0
167,8,935.5,384.5,24.5,61.10000000000002,1,1,1.0
167,7,490.2,234.12,133.54000000000002,78.38,1,1,0.0
168,3,207.19,256.08,96.25999999999999,42.84000000000003,1,1,1.0
168,8,938.8,384.5,21.200000000000045,57.80000000000001,1,1,1.0
168,7,476.8,234.94,135.15000000000003,79.56,1,1,0.0
169,3,207.19,256.08,96.23000000000002,42.75,1,1,1.0
169,8,945.7,384.5,14.299999999999955,55.39999999999998,1,1,1.0
169,7,469.48,235.34,135.15999999999997,79.57000000000002,1,1,0.0
170,3,207.19,256.08,96.20999999999998,42.660000000000025,1,1,1.0
170,8,949.8,384.5,10.200000000000045,53.0,1,1,1.0
170,7,457.7,235.34,138.81,79.55999999999997,1,1,0.0
171,3,207.19,256.08,96.18,42.56999999999999,1,1,1.0
171,8,955.1,386.5,4.899999999999977,49.0,1,1,1.0
171,7,445.51,236.56,138.79999999999995,79.56,1,1,0.0
172,3,207.19,256.08,96.16000000000003,42.47000000000003,1,1,1.0
172,7,432.5,236.97,138.79999999999995,79.55999999999997,1,1,0.0
173,3,207.19,256.08,96.13,42.379999999999995,1,1,1.0
173,7,421.93,237.38,138.81,79.55000000000001,1,1,0.0
174,3,207.19,256.08,96.11000000000001,42.29000000000002,1,1,1.0
174,7,408.5,238.19,143.70000000000005,79.56,1,1,0.0
175,3,207.19,256.08,96.07999999999998,42.19999999999999,1,1,1.0
175,7,399.56,238.59,143.7,79.55999999999997,1,1,0.0
176,3,207.19,256.08,96.06,42.10000000000002,1,1,1.0
176,7,383.7,239.41,145.32999999999998,79.56000000000003,1,1,1.0
177,3,207.19,256.08,96.03000000000003,42.00999999999999,1,1,1.0
177,7,373.13,240.22,145.33000000000004,79.55999999999997,1,1,0.0
178,3,207.19,256.08,96.00999999999999,41.920000000000016,1,1,1.0
178,7,365.0,239.82,145.32999999999998,79.55000000000001,1,1,0.0
179,3,207.19,256.08,94.41000000000003,41.72000000000003,1,1,1.0
179,7,351.59,237.38,145.33000000000004,79.55000000000001,1,1,0.0
180,3,207.19,256.08,95.11000000000001,41.52000000000004,1,1,1.0
180,7,342.65,237.38,145.33000000000004,81.98000000000002,1,1,0.0
181,3,207.19,256.08,95.50999999999999,41.31999999999999,1,1,1.0
181,7,332.08,237.78,145.33000000000004,83.61999999999998,1,1,0.0
182,3,206.68,256.08,94.21999999999997,41.120000000000005,1,1,1.0
182,7,319.07,238.59,145.32999999999998,83.61999999999998,1,1,0.0
183,3,206.77,256.08,95.62999999999997,40.920000000000016,1,1,1.0
183,7,308.1,239.0,145.32999999999998,83.62,1,1,0.0
184,3,206.85,256.08,96.25000000000003,40.72000000000003,1,1,0.0
184,7,299.97,239.81,145.32999999999998,83.62,1,1,0.0
185,3,208.3,256.08,93.69999999999999,40.52000000000004,1,1,0.0
185,7,286.96,240.63,145.33000000000004,83.62,1,1,0.0
186,3,208.95,256.08,94.47000000000003,40.31999999999999,1,1,0.0
186,7,276.8,241.85,145.32999999999998,83.60999999999999,1,1,0.0
187,3,207.56,256.08,88.63999999999999,40.120000000000005,1,1,0.0
187,7,265.83,242.25,145.33000000000004,83.62,1,1,0.0
188,3,207.19,256.08,82.70999999999998,39.920000000000016,1,1,0.0
188,7,252.77,242.8,145.33,83.62,1,1,0.0
189,3,207.19,256.08,84.61000000000001,39.920000000000016,1,1,0.0
189,7,239.4,243.71,148.07000000000002,84.48999999999998,1,1,0.0
190,3,208.41,256.48,84.60999999999999,39.93000000000001,1,1,0.0
190,7,228.0,243.71,149.31,85.28999999999999,1,1,0.0
